DE CODICE MEDIOLANENSI. XXV

77771777, 5, 1171 71177 77771, 5, 21,1 17717777, 5, 28,1 777177,

5, 42,1 177177 771, deinde 111 huius modestae significationis locum

rasurae successerunt ueluti 4, 13,3 1771774,,15,4117777, 4, 19,4
177, 4 25 27717, 4 26 4777, 4 79 1 177, 5, 10, 2177, 5, 10 4
7771777117,5,26,17711,5,,3537111,5,37,57777, 6,.221717177·
6, 11, 317171 7,(10111111 locis omnibus eper rasuram fact turn ex 77 Quas
mutationes si propter soni iilius quamcunque molestiam excusare
licet, prorsus nihili est aliud correctionis genuS, cuius origines non
minus diligenter perspicere licet. 7, 211, 5 111 uoce 7777717777711111111111
777 punctis notatum, deinde 7771117, mutatum est; aqua ratione
non multum differt 5, 19, 2 mutatum emendationemque, curn

12,19,2 111 uoce maternoque apertissime 7, ex 777 correctum sit,
cuius ipsius correctionis exempla rasura conspicua iam haec uide
iere innumera: 4, 2, 6 777717, 4, 5, 5 777171717777717, 4, 6, ’1
1777717777, 4, 6, 2 1717117, 4, 9, 1 777177117, 4, 15, 1 17117177,
4, 15,21717771’17117,4, 211, 4171777777, 4, 22, 471177,4, 22, 4
5 1177,4, 31 ,617777717, 4, 36, 2717771,71717 4,36, 6777· 7,, 5, 1, 2
17117717,5, 3671715, 4, 2171777177, 5, 7, 2717, 5, 9, 1 71711-

7711717,5,17,27711“17, 5, 17, 4717717717, 6, 2, 5 711717, 6, 31

7771771777, 6, 3, 2 7717, 6,211,4 77777771777, 11,22,1 171777, 6,·22,2 .,

117, 6, 26,3 7177171117, 6,,26, 6 77777117, 7117777177, 7, 1, 27771717,

1147771717,7, 3, 21177, 7,,4 17777, 7, 4, 2 71717717, 7, 4,4
11171717, 7, 4 ,1577771117, 7, 5, 471177,7, 5, 4 por 717, et 777 7177,
61 71777,7, 6,-117717717,7, 6, 271717717, 7, 16, 2, 71111717-
1177777, 7, 12 ,2777, 71177777, 7, 12, 3 7717717,7, 12 ,5171777, 7, 14, 2
1111177, 7, 15, 3 7717717717, 7,15,5 777, 7,16,3 7777, 7, 2115
711777, 7, 23,2 77117, 7, 24,3 77177717, 7, 2157717717, 7, 26,8
1771777, 7, 27, 1 7777717717, 7, 27, 3 7711777177, 8, l, 2 7777,
8113177717171717, 8, 8, 2 7717, 16, 2, 2 77177717, Non minus
mira ea correctio est, qua littera m in fine uocabulorum lineola
mutata est, uelut 4, 5, 4 1177717717, 4, 15, 4 71, 5, 8, 3 1777777117,
5116 771177, 11777, 5, 11,,1 7117711, 5, 12,1 77717771, 5, 15, 4 7711117,
71213 171717, 5, 24, 4 177, 5, 35, 1 777, 7, 8, 4 17177, 11131777, ,
7, 211, 5 71717, 7, 24, 4 1771771177, 7, 25, 1 77, 7, 26, 3 1717717,
’ 1211, 61777, 1717717, 7711771717, 7, 27, 5 7777717, 9, 8, 8 7711171117,
16,17,57711177771,1111,17,6777171711,1,111,,18317, 111,1,8 5
7111111,11,12,4711771]177,11, 16, 7111 71Ε1717111 correctori curn

 

